      77
      79
     122
      59
      95
      96
      61
      92
     128
      46
      42
      67
      78
      64
      57
      46
     235
      46
      88
      44
      42
      46
     106
      59
      93
      44
      64
      72
      48
      91
      87
      70
     103
     107
      54
     152
      59
      67
      54
      84
     115
      56
     161
     129
      52
      68
      52
      64
      64
      56
      92
     205
      75
      50
      52
      64
      52
      56
      62
      50
      52
      70
      53
      62
      44
      63
      72
      63
      75
      78
     149
      92
     108
      73
      73
      89
      64
      70
      58
      44
      63
      63
     120
      76
      66
      73
      53
      62
      78
      65
      52
      44
      80
      79
      61
     153
      77
     120
      46
      90
      76
      48
      50
      58
      42
      58
      54
      86
      44
      84
      72
      86
     100
      56
      46
      96
      50
      48
      74
      58
      66
      76
      64
      66
      62
      62
     121
      63
      58
      69
      48
      52
      56
      73
     105
      44
      69
      92
      79
     222
      54
      66
      44
      92
      60
      76
      62
      57
      75
      48
      46
     106
      52
     107
      66
      61
     104
      56
      54
      56
      60
      70
      84
      59
      56
     204
      52
      65
     103
      77
      79
      70
      58
      60
      60
      64
      93
      57
      46
      74
      66
      46
      48
      81
      67
      76
      65
      95
      48
      61
      59
      69
      56
      62
      48
      88
      99
     136
      61
      63
      70
      44
      44
      52
      46
      52
     111
      91
     123
      54
     136
      54
      64
      95
      48
      46
      72
      42
      46
     110
      90
      76
      72
      64
      54
      99
     164
      77
      52
      62
     186
      46
      48
      87
     128
      66
      46
      60
     107
      59
     106
      59
      68
     102
      57
     102
      48
     265
      66
      54
      58
      98
      52
      64
      56
      46
      63
      60
      46
      46
     159
      69
      99
      59
     121
      67
      69
      60
      79
      73
      67
     108
      46
      63
      50
      56
     128
      96
     104
     124
      58
      62
     158
      92
      99
      70
     178
      58
      60
      40
      84
      78
      79
      48
      72
      52
      98
      58
      72
      46
      52
      80
      64
      94
      68
      71
     123
      50
      44
      91
      90
     134
      42
     115
     113
      50
      56
      84
      76
      78
     119
      96
      84
      46
      58
      72
      68
     101
      50
      94
      60
      84
      60
      46
      46
      58
      80
      79
      60
      84
      98
      98
     107
     101
      48
      60
     125
      87
     116
      90
      69
      56
      44
      54
      44
      50
      46
      81
      92
     132
      79
      80
      54
      54
      50
      56
      44
     102
      68
      81
      60
      70
      48
      56
      62
     103
      94
      74
      62
      70
      52
     221
      60
      60
      97
      46
      60
     115
      46
      70
      79
      46
      48
      50
      58
      54
      76
      66
      56
      54
      48
      72
     102
      62
      42
      52
      92
      60
      71
     103
      60
      60
      64
      74
     163
     165
      60
     124
      64
      54
      73
     199
      86
      62
      60
      83
      54
      42
      50
     117
      86
      48
     102
      96
      82
      94
     259
      56
     156
      56
      91
      83
      71
      93
      93
     108
      58
      62
      92
      48
      54
      64
      58
      58
      56
      58
     124
      50
      56
      96
      86
      46
      54
     142
      70
      70
      42
      60
      50
      60
      44
      42
      70
      66
      58
     122
      54
     101
      91
      72
      58
      54
      56
      66
      84
      56
      52
      60
      94
      50
     118
      50
     116
      42
      52
      68
      48
      74
      62
      54
      60
      89
      64
      46
      50
      50
      52
      64
      58
      42
      42
      52
      52
      60
      56
      44
      52
     129
      70
      56
      60
      64
      62
      64
      61
      56
      44
      64
      76
      58
      46
      60
      48
      54
      50
     102
      64
      64
      58
     102
      62
      89
      66
      62
      62
      85
      76
      68
      62
      54
      58
      62
      64
      96
      56
      52
      58
      88
      64
      66
      74
      88
      72
      46
      70
      76
      66
      94
      61
      52
      42
      52
      50
      50
      54
      78
      58
     128
     269
      74
      74
      44
      50
      94
      46
      72
      60
     131
      84
      83
      66
      58
      70
      60
     137
     138
      99
      42
      48
     111
      50
      57
      66
      58
      46
      54
      64
     115
      56
     101
      56
      62
      56
      76
      66
      50
      52
      52
      58
      78
      54
      48
      52
      54
      77
      68
      56
      64
      52
      60
      52
      46
      52
      58
      54
      60
      72
     118
      82
      68
      52
     142
      77
      48
      62
      60
      97
     112
      48
      60
      52
      58
      71
      57
      46
      62
      62
      70
      44
      76
      60
      80
      78
      58
      50
      46
      58
      80
      75
      82
      70
      78
      56
      68
      72
      62
      56
      60
     124
      54
      48
      70
      74
      58
      62
      54
      72
      90
      52
      56
      66
      62
      76
      52
     112
      80
      50
      50
      62
      52
      68
      80
      77
      70
      72
      58
      68
     283
     227
      72
      66
      58
      60
      88
      54
      71
      66
      70
      86
      82
      58
      89
      60
      91
      70
      60
      72
      56
      74
      64
      57
      70
      54
      52
      78
      54
      54
      48
      82
      75
      81
      56
     217
      46
      64
      64
      50
      64
      40
      66
      81
      77
      94
      48
      76
      76
      78
      80
      68
      82
      75
      54
      50
      60
      54
      70
      66
      60
      76
      62
      85
      91
      76
      68
      60
     259
      80
      68
      54
      44
      46
      54
      56
      90
      70
      58
      62
     110
      84
      84
      82
      82
      76
      80
     106
      77
      44
      81
      60
      52
      76
      61
      87
      73
      54
      66
      68
      62
      60
     146
      83
      68
      68
      62
      92
      87
      58
      54
      66
      44
      54
     107
      95
      48
      72
      56
      58
      56
      60
      52
      52
      46
      63
      66
      74
      70
     115
      62
      66
      56
      58
     101
      50
      62
      62
      62
      74
      70
      54
      52
      48
      54
      44
      76
      70
      68
      62
      64
      63
      60
      76
      52
      56
      60
      62
      70
      46
      74
     101
      78
      91
      76
      92
      92
      78
      80
      66
      74
      48
      54
      58
      56
      68
      48
     120
      66
      56
     120
      86
      76
      64
     142
      86
      78
      76
      78
      85
      66
      48
      73
      56
      84
      68
      74
     110
      74
      70
      82
      84
      62
      70
     108
      78
      62
      74
      50
      80
      64
      84
      46
      64
      46
      64
      58
      58
      60
      66
      82
      56
      50
      82
      80
      70
      58
      74
      82
      77
     193
      58
      79
      62
      58
      44
      54
      82
      42
      50
      64
      46
      64
      72
      80
      60
      58
      64
      78
      68
     123
      62
      69
     100
      68
      52
      64
      54
      68
     655
      84
      80
      60
     238
      52
      58
      58
     151
      52
      66
      46
      58
      54
      88
      78
      74
     121
      86
      84
      80
      56
      56
      54
      74
     104
     105
      58
     121
      60
      71
      98
      88
      44
      87
      56
      63
      56
      83
      46
      54
     108
      58
      60
      48
      48
      62
     136
      50
      66
      54
      56
      65
      48
      59
      60
     712
      48
      56
     143
      58
      58
      44
      50
     148
      48
      46
      52
      56
      50
      56
      58
      52
      62
      54
      60
      92
      66
      46
      77
      52
      56
      64
      84
      48
      63
      58
      90
      72
      60
      58
      42
      68
      52
      56
      86
      86
      88
      88
      66
      78
      82
      80
      86
      74
      86
      90
      82
      68
      86
      82
     138
     122
      86
      88
      82
      72
      74
      86
      94
      88
      68
      70
      84
      66
      58
      70
      66
      72
      48
     107
      52
      76
      54
      68
      68
      48
      83
      50
      46
      60
      44
      52
      54
      48
      68
     122
     103
      56
      44
      52
      46
      56
      70
      73
      64
      73
      50
      48
      76
      58
      46
     154
      56
      91
      64
      79
      44
      72
      60
      52
      56
      64
      44
      48
      97
      58
      79
      50
      42
      48
     154
      42
      56
      50
      44
      80
     196
      87
     125
      58
     105
      56
      66
      62
      85
      60
      52
      76
      48
      76
      82
      50
      50
      74
      58
      69
      50
      48
      46
     100
     153
      68
      50
      73
      75
      50
      50
      76
      72
      44
      60
      56
      52
      42
      46
      48
      44
      52
      78
      93
      46
      48
      50
      50
     206
      62
      62
      62
      52
      60
      62
      48
      48
      42
      46
      42
      48
      48
      60
      52
      50
      72
      60
      44
     277
      46
      62
      60
      50
      42
      44
      48
      66
      66
      52
      44
      64
      56
      52
      46
      77
      52
      52
      48
      46
      50
      56
      60
      52
     127
      46
      46
      48
      58
      71
      46
      50
      52
      48
      50
      85
      56
      79
      50
      60
      50
      60
      76
      64
      44
      62
      69
      60
      78
      80
     131
      65
      42
      52
      44
      62
      42
      46
      70
      64
      42
      96
     104
      91
      88
      88
      70
      94
      46
      69
      48
      88
      44
      54
      56
      48
      78
      66
      46
     104
      74
      42
      48
      56
      44
      48
      56
      52
      60
      58
      46
      50
      54
      46
      60
      48
      48
      48
      56
     218
      72
      56
      48
      44
      72
      56
      66
      54
      69
      42
      66
      62
      50
      52
      56
      42
      48
      56
      60
      72
     105
      62
      60
      84
      66
      44
      82
      86
     118
     105
      64
      82
     108
      50
      56
      50
      56
      69
      87
     148
      66
      46
      54
      52
      56
      52
      74
      48
      46
      50
      74
      50
      64
      93
      64
      58
      54
      40
      42
      42
      44
     153
      58
      44
      52
      54
      80
      54
      62
      48
     100
      42
      73
      68
      93
      77
      54
      46
      56
      48
      70
      72
      72
      70
      64
      68
      68
      70
      88
      64
      66
      60
      48
      60
      50
      70
      44
      58
      58
      46
      75
      54
      62
      73
      44
      68
      66
      92
      48
      60
      60
      44
      54
      40
      54
      64
      50
      46
      56
      50
      60
      60
      60
      54
      62
      48
      68
      70
      64
      85
      64
     118
      44
      50
      64
      64
      54
      58
      42
      56
      56
      48
      52
      50
      44
      56
      44
      46
      66
      56
      54
      56
      50
      58
      46
      56
      63
      66
      52
      42
      46
      54
      66
      66
      72
      58
      56
      88
      54
     106
      46
      92
      56
      48
      97
      58
      46
      54
      50
      58
     404
      44
      83
      40
      92
      64
      58
     113
      70
      50
      56
      48
      82
      46
      55
      57
      44
      64
      74
      50
      67
      46
      73
      75
      59
      61
      60
      44
      46
      58
      44
      62
      56
      42
      42
      68
      60
      64
      52
      54
      64
     248
      50
     114
     101
     105
     105
      50
      48
      42
      52
      40
      42
      96
      48
      48
      48
      48
      56
      42
      50
      44
      58
      67
      68
      71
      74
      62
      82
      50
      73
      50
      72
      48
      54
      60
     120
      50
     100
      70
      52
      44
      76
      60
      52
      54
      48
      60
      64
      84
      56
      98
      46
    1749
      81
     104
      56
      46
      82
      50
      46
      99
      48
      44
      52
      82
      48
      88
      79
      73
      58
     102
      64
      76
      46
      44
      48
      60
      42
      50
      46
      46
      54
      49
      85
      96
      56
      60
      70
      64
      42
      44
      52
      48
      62
      52
      54
      54
      79
      79
      65
      84
      48
      77
      68
      84
      61
      68
      64
      44
      55
      48
      58
      46
      91
      72
      64
      54
     108
      50
     113
      50
      60
      46
      58
      91
      74
      50
      56
      65
      54
      46
      42
      48
     213
      64
      70
      54
      64
      56
      56
      52
      74
     115
      48
      46
      46
      75
      44
      62
      64
      46
      64
      60
     110
      44
      48
      48
      56
      50
      82
      66
      48
      48
      50
      70
      52
      52
     115
      75
      66
      42
      52
      85
      92
      60
      52
      56
      46
      68
      84
      44
      69
      78
      72
      56
      42
      48
      67
      92
     101
      44
     106
      54
      44
      64
      66
      60
     109
      97
      97
      97
      52
      77
     116
      60
      60
      76
      76
     145
      62
      79
      64
      66
     100
      50
      56
      66
      85
     158
     171
      87
      73
      85
      44
      62
      92
      70
     121
     110
      87
     111
      68
     320
      60
     100
      96
      60
     154
      66
     121
      58
      42
     108
      76
      85
      54
      82
      88
      64
      66
      87
      85
     110
      64
      64
     168
     119
     127
      83
      58
      88
      79
      62
      60
      58
      78
      74
      76
      74
      84
      76
      74
      80
      88
      72
      78
      60
      88
      62
      62
      85
      68
      98
      92
      50
      96
      68
      92
      62
      88
      87
      58
     167
      90
     165
     200
      64
      62
     117
      68
      48
      74
      75
     121
      58
     130
      48
      58
     114
      74
     131
      73
      70
     102
      48
     156
     133
     114
      70
      79
     134
      66
      72
      44
      75
      60
      68
     103
      76
      85
      85
      62
      54
      88
      68
      90
     163
     128
      84
      44
      48
      44
      84
      68
     154
      74
      82
      62
      66
      62
      68
      66
      89
      90
      50
      60
      48
      56
     169
      72
      80
     113
      92
      84
      58
      68
      48
      70
     175
      58
      76
      56
     103
      50
      80
      54
      52
     197
      64
      66
     100
     106
      82
      80
      56
      70
      62
      97
      58
      64
      60
      68
      82
      68
      72
      66
      66
      60
      52
      82
      91
      64
      64
     109
      46
      94
      60
      72
      92
      70
     109
      58
      74
      60
      56
      75
     105
      84
      68
     106
      91
      68
      58
      66
      70
      46
      48
      70
      75
      58
      62
      46
      79
      76
      58
     159
     125
      86
      76
      74
      64
      80
      54
      62
      66
      79
      80
     128
      46
      54
      52
      85
      42
      58
      60
      66
      97
     137
      96
      81
      99
     184
     268
      74
      66
      86
      82
      64
      69
      76
      66
      60
     240
      52
      85
      64
      62
      68
      66
      64
      64
      66
      68
      62
      68
      85
      66
     100
      86
      44
      70
      90
      58
      56
      94
     156
     119
      70
      70
      70
      62
     104
      98
      88
      82
     134
      88
      80
      88
     102
      70
      79
      72
      52
      62
     124
     152
      66
      52
      54
      66
      62
      62
      76
      65
      67
      56
      74
      69
      92
      76
      58
      56
      73
      80
      58
      54
      62
      50
      78
     104
     175
      64
     155
      65
     179
      82
     100
      65
      58
      46
      56
      70
     100
     167
      78
      89
      58
      75
     236
      83
     106
     137
      82
      85
     103
     103
      76
      58
      82
      83
      60
      66
      68
     106
     108
      58
      62
      60
      68
      70
      60
      56
      56
      56
     142
      84
     129
      78
      79
      73
      60
      66
      68
      88
      60
      63
      91
      58
      65
      72
      66
      52
      50
      56
      60
      80
      60
      76
      56
     126
      78
      76
      56
      62
      57
      99
      82
      73
      56
      70
      92
      44
      83
      68
      70
     141
      56
      95
     102
      83
      85
      52
      68
      60
     114
      82
      56
      88
     133
      40
      68
      64
      97
     304
     180
      56
      56
      56
      76
     119
      75
      82
     108
      58
      67
      68
      56
     120
      66
      89
      54
     111
      68
      54
      96
      76
     118
      62
      85
     140
      48
      58
      60
      58
      96
      62
      48
      96
      96
      75
      67
      80
     199
     119
     111
      84
      83
      62
      68
      76
     161
      84
      64
     121
      70
      78
      56
      46
     165
     103
      64
     108
      78
      60
      58
      54
      70
      52
      62
      54
      54
      68
      52
      54
      56
      81
      80
      62
      84
      66
      64
      91
     105
      84
      82
      60
     104
      61
     232
      82
      85
      94
     238
      50
      54
      62
      54
      70
     122
      96
      56
     174
      46
     165
     114
      64
      74
     258
      78
     123
      96
      58
      53
      90
      52
      54
      90
     102
      82
      56
     126
     131
     178
      69
     140
      69
     217
      48
      74
      46
      42
      50
      52
      48
      48
      50
      48
      50
      50
      46
      93
      44
      54
      48
      76
      50
      46
      44
      80
      62
      76
      68
      70
      68
      62
      93
      52
      68
      97
      68
     127
      85
      70
     105
      48
      48
      56
      62
      66
      62
      48
      66
      62
      56
     100
     161
      81
     110
      77
      58
      62
      54
      46
      44
      54
      62
      50
      56
      52
      62
      44
      48
      46
      60
      62
      66
      64
      85
      70
      64
      52
      50
      50
      52
      68
      64
      62
      67
     113
      86
     141
     152
      62
      54
      88
      42
      64
      79
      83
      56
      99
      83
      60
      70
      62
      88
      60
      62
      60
      68
      46
      60
      70
      58
      60
     110
     119
     169
      66
      64
      80
      57
      48
      79
      93
      68
      60
      66
      50
      63
      52
      64
      62
      72
      90
      44
      52
      96
      56
      87
      52
      50
      52
      64
      73
      64
      66
      62
      58
      60
      68
      79
      54
      54
      74
      48
      52
      70
      76
      66
      68
      86
      93
      44
      44
      66
      74
      76
      54
      56
      48
     544
      62
      70
      58
      56
      54
     117
      58
      56
      46
      56
      58
      48
      44
      62
      79
      46
      44
      50
      54
      64
      60
      54
      68
      64
      75
      46
     122
      58
      62
      48
      74
      82
      72
     131
      44
      64
      56
      58
      65
     353
      93
      50
      58
      66
      60
      48
      50
      60
      60
      71
      70
      76
      58
      58
      58
      83
      62
      50
      60
      97
      60
      50
      76
      58
      42
      60
      66
      60
      66
      85
      52
      52
      84
      73
      54
      69
      52
      62
      50
      56
      75
      66
      70
      65
      52
     112
      66
     111
      68
      62
      64
      84
      85
      46
      58
      66
      46
      54
      50
      62
      60
      68
      42
      42
      54
     107
     108
      54
      50
      75
      84
      46
      70
      60
      50
      66
      62
     180
      60
      50
     120
      62
      44
      70
      50
      54
      66
      58
      70
      56
     100
      76
      56
      48
      52
      44
      96
      76
      72
      54
     106
      66
      50
      54
      71
      48
      44
     157
      46
      62
      50
      58
      52
      60
      44
      66
      79
      56
      48
      58
      52
      54
      50
      94
      67
      52
      88
      58
      56
      58
      62
      65
      67
      48
      48
      95
      85
      73
      56
      46
      50
     138
      42
      80
      50
      56
     100
      79
      42
      67
      62
      48
      56
      46
      54
      85
      52
      99
     109
      54
      89
      99
      99
      95
      74
      70
      76
      74
      70
      70
      70
      72
      74
      84
      82
      74
      80
      82
      68
      82
      78
      74
      76
      68
      86
      86
      72
     100
      88
      90
      88
      82
      82
      72
      98
      82
      84
      84
      86
      86
      96
      96
      78
      82
      90
      78
      88
      82
      86
      68
      78
      98
      88
      82
      94
      74
      84
      82
      82
      82
      72
      80
      72
      76
      74
      74
      76
      84
      88
      76
      82
      84
      88
      74
     100
      90
     100
      88
      88
      96
      82
      98
      82
      70
      98
     116
     128
     118
     128
      86
      86
      76
      94
      74
      86
      72
      86
      80
      70
      76
      88
      74
     100
      82
      68
      82
     104
      72
      70
      84
      68
      82
      78
      80
      72
      91
      70
      78
      94
      80
      74
      92
      72
      78
      94
      92
      70
      78
      90
      84
      96
      78
      78
      80
      72
      78
      96
      72
      68
      82
      90
      98
      94
      72
      70
      88
      92
      84
      86
      82
      98
     100
      84
      68
      70
      88
      98
      72
      70
      68
      72
      76
      86
      84
      74
      82
      74
      86
      80
      82
      74
      70
      74
      88
      86
      84
      80
      94
      80
      78
      70
      98
      84
      76
      82
      78
      86
     102
      92
      86
      78
      90
      98
      76
      84
      70
      68
      96
     100
      82
      80
      84
      80
      84
      94
      94
      78
      88
      74
     106
      96
      82
      96
      86
      98
      82
      84
      82
      74
      88
      80
      72
      77
      70
      72
      82
      80
      88
      82
      74
      80
      74
      78
      94
      84
      82
      72
      72
      72
      80
      82
      72
      96
      74
      82
      86
      68
      88
      92
      74
      76
      68
      80
     102
     114
      90
      76
      78
      86
      80
      90
      90
      96
      76
      82
      88
      86
      98
      68
      96
     100
      88
      98
      84
      80
      88
      78
     102
      84
      82
      96
      74
      70
      90
      82
      84
      92
      70
      68
      70
      84
      70
      62
      74
      54
      62
      64
      46
      48
      46
      64
      44
      52
      79
      68
      60
      60
      52
      57
      52
      42
      56
      81
      58
      50
      54
      44
      48
      73
      56
      52
      46
      48
      44
      67
      64
      56
      46
      48
      48
      52
      50
      64
      83
      58
      58
      46
      52
      60
      46
      46
      58
      74
      48
      46
      56
      44
      46
      58
      44
      56
      56
      52
      52
     166
      50
      87
      54
      46
      44
      44
      54
      50
      50
      48
      59
      50
      56
      50
      46
      60
      61
      46
      48
    1113
      48
      50
      77
      68
      58
      48
      60
      56
      64
      54
      93
      67
      44
      58
      46
     113
      46
     151
      54
      46
      52
      92
      44
     109
      50
      46
      54
      50
      54
      54
      73
      56
      54
      52
      46
      48
      60
      46
      62
      48
      66
      54
      52
      46
      42
      44
      50
      58
      54
      52
      46
      76
     103
      75
     107
      93
      91
      91
      54
      50
      64
      78
      73
      52
      73
      64
      54
      54
      54
      42
      52
      46
     136
      52
      66
      56
      48
      46
     114
      64
      44
      50
      70
      64
      61
      48
      52
      44
      52
      48
      44
      66
      48
      52
      66
     145
      42
      46
      52
      76
      76
      54
      54
      44
      50
      46
      70
      58
      50
      52
      48
      67
     107
      48
      50
      64
      54
      44
      48
      44
      70
      44
      50
      46
      42
      48
      46
      48
      44
      48
      48
      48
      46
      48
      46
      44
      46
      52
      44
      46
      44
      44
      68
      74
      58
      58
      50
      50
     103
      60
      56
     122
      52
      42
     137
      46
      46
      88
      58
      96
      86
      54
      56
      56
      54
      87
     114
     110
      60
      96
      58
     151
      64
      54
      42
      50
      46
      46
      56
      42
      44
      48
      89
      50
      50
      44
      42
      52
      50
      48
      58
      59
      64
      54
      48
     161
      64
      72
      50
      58
      63
      48
      64
      54
      54
      52
      42
      50
      44
      58
      42
      50
      52
      90
      50
      44
      46
      54
     113
      50
      48
      50
      50
      68
      92
      77
      54
      87
      54
      61
      42
      91
      48
      50
      64
      48
      48
      56
      56
      48
      50
     377
      48
      48
      48
      60
      56
      69
      48
      54
      54
     116
      68
      48
      50
      48
      54
      56
      48
      56
      48
      48
      56
      56
      70
      48
      50
      50
      83
      78
      52
      56
      63
      48
      56
      54
      50
      54
      50
      64
      48
      95
     103
      54
      48
      74
      66
      90
      50
      56
      58
      46
      54
      54
     352
      58
      54
      52
      60
      62
     103
      50
      46
      48
      56
      52
      52
      50
      56
      52
      46
      52
      48
      50
      48
      48
      94
      62
      58
      58
      56
      83
      60
      64
      58
      58
      56
      54
      58
      54
      54
      50
      62
      50
      50
      50
      48
      60
      48
      50
      66
      78
      58
      58
      56
      48
      50
      54
      48
      80
      50
     373
      56
     114
      50
      48
      62
      64
      68
     261
      56
     176
     167
      56
      60
      91
      60
      52
      48
      50
      50
      50
      48
      52
      48
      50
      50
     148
      58
      48
      50
      66
      50
      62
      68
      52
      60
      58
      87
      56
      52
      52
      71
      66
      48
      79
      82
      58
      48
      54
      62
      56
      60
      60
      48
      46
      56
      48
      50
      50
      48
      48
      58
      97
     115
      62
      54
      86
      52
      56
      64
      48
      54
      93
      56
      52
      72
      60
      52
      65
      52
      54
      54
      52
     107
      66
      50
      58
      48
      48
      50
      64
      54
      50
      62
      50
      52
     151
      73
      58
      52
      48
      70
      56
      70
      58
      56
      52
      54
      79
      58
      48
      48
      97
      48
      60
      54
      62
      50
      60
      48
      48
      54
      66
      50
      48
      85
      48
      60
      46
      50
      60
      58
     120
      66
      50
      48
      48
      46
      52
      50
      60
      68
      50
      50
      58
      62
      54
      50
      66
      52
      56
      50
      50
      54
      54
      56
      62
      52
      58
      60
      52
      72
      64
      66
      56
      52
      48
      68
      64
      52
      48
      48
      52
      54
      58
      50
      62
      58
      56
      66
      72
      52
      48
      52
      69
      56
      50
      60
      58
      54
      58
      63
      58
      56
      76
      56
      48
      52
     151
      58
      58
      58
      50
      58
      54
      60
      91
      56
      54
      64
      87
      50
      46
     125
      56
      50
      54
      82
      60
      64
     106
      50
      52
      62
      56
      52
      52
      52
      50
      64
      62
      60
      74
      52
      48
      48
      54
      58
      60
      48
      62
      48
      52
      50
      48
      76
      56
      48
      48
      48
      60
      56
      70
      64
      60
      66
      46
      54
      62
      61
      52
      62
      64
      66
      54
      60
      71
      52
      78
      54
      52
      54
      48
      52
      52
      63
      54
      64
      44
      68
      80
      64
      48
      48
      81
      50
      44
      99
      42
     106
      52
      50
      78
      64
     105
      48
      54
      54
      48
      52
      44
      50
      64
      85
      58
       6
     117
      92
      80
      52
      44
      48
      48
      52
      46
      44
      60
      44
      80
      42
      68
      60
      83
      66
      60
     109
      72
      58
      50
      42
      44
      42
      58
      66
      88
      48
      50
      50
      52
      50
      58
      46
      46
      62
      42
      46
      50
      71
      52
      80
      83
      72
      74
      69
      86
      88
      74
      71
      74
      48
      76
      44
      64
      52
      46
      81
      44
      48
      50
      44
      46
      69
      73
      60
      58
      58
      58
      64
      56
      89
      52
      48
      97
      71
      50
      48
      56
      54
      56
      66
      46
      52
      48
      54
      52
      58
      58
      56
      44
      56
      60
      64
      60
      72
      68
      64
      62
      64
      68
      64
     116
      64
      60
      62
      48
     110
     117
     283
      72
      68
      72
     118
     104
     301
      58
      58
      56
      48
      52
      52
     120
      64
      79
     138
      56
      77
      48
      50
      42
      48
      60
      54
      44
      50
      46
     149
      52
      44
      50
      44
      50
      66
      48
      54
      94
      52
      54
      44
      60
      54
      50
     132
      52
      75
      44
      46
      48
      48
      68
      44
      56
      56
      84
      99
     112
     118
      64
      61
      48
     101
      42
      44
      48
      69
      69
      48
      56
      42
      58
      50
      46
      48
      42
      87
      52
      46
      42
      68
      46
      50
      44
      66
      48
      56
      87
      75
      42
      50
      60
      48
      61
      54
      62
      54
      48
      50
      66
      54
      48
      48
     121
      50
      48
      42
      76
      52
      46
      62
      54
      50
      44
      48
      50
      48
      48
      56
      80
      82
      48
      54
      46
      40
     164
      62
      48
      62
      64
      64
      54
      46
      46
      50
      46
      66
      91
      68
      60
      52
      48
      74
      48
      58
      52
      64
      48
      52
      48
      56
      48
      87
      46
      46
      44
      52
      58
      42
      44
      50
      58
      50
      48
      44
      44
      64
      64
      64
      64
      72
      56
      62
      72
      62
      56
      58
      62
      42
      52
      50
      76
      54
      76
      58
      70
      54
      48
      50
     100
      54
      60
      46
      93
     103
     108
      48
      50
      70
      44
      62
      52
      44
      73
      46
     353
      60
      96
      44
      46
      82
      95
      69
      76
      46
      52
      72
      77
     173
      62
      42
      50
      52
      50
      54
      52
      50
      44
      63
      50
      46
      87
      68
      66
      56
      54
      78
      54
      72
      76
      48
      52
      60
      48
     101
      58
     156
      52
     117
      42
      52
      56
      66
      54
      62
      50
      93
      52
      63
      58
      52
      64
      52
      62
      44
      48
     148
      56
      70
      68
      50
     146
      69
      92
      46
      91
      86
      80
      58
      64
      64
      52
      76
      60
      66
     260
      60
      71
      56
      56
      76
      50
      54
      90
      74
      54
      64
      58
      60
      60
      66
     205
      48
      90
      44
      52
      42
      66
      58
      56
      44
      71
     139
      52
      54
      56
      50
      54
      52
      60
      48
      48
      62
     234
      52
      72
      70
     382
      78
      46
      82
      44
      44
      64
      68
      63
     114
     167
      66
      50
      48
      42
      80
     221
      48
      58
      75
      54
      48
      54
      48
      57
      60
      62
      58
      54
      67
      88
      50
      42
      46
      46
      48
      50
      85
      52
      46
      44
      87
      65
     100
      48
      84
     102
      62
      64
      74
      64
      69
      62
      84
      70
      64
      73
     118
      60
      74
      66
      52
      60
      52
      64
      77
      60
      54
      48
      74
      60
      62
      50
      56
      44
     289
      60
      50
      54
      50
      64
      56
      82
      60
      42
      52
      62
      72
     103
      44
      50
      52
      62
      54
     150
      84
      78
      48
      54
      58
      54
      54
      48
     115
      78
      50
      60
      82
     111
      52
      70
      58
      86
      50
      58
      50
      79
      69
     111
      54
     347
      72
      48
      70
      44
      60
      54
      66
      68
      58
     123
      93
      66
      84
      58
      62
      48
      68
      42
      68
      56
      46
     135
      68
      79
      62
     124
      50
      77
      72
      52
      66
      46
      54
      74
     101
     193
      46
      62
      83
      73
      56
      50
      58
      66
      52
      83
      80
      46
     130
      68
      68
      52
      46
      44
      60
      58
     257
      88
      50
      67
      56
      66
      74
    1055
      62
      94
      74
      58
      72
      64
      58
      48
      54
     190
      95
      52
      62
     104
      48
      50
      62
      64
      71
      85
      80
      75
      60
      71
      54
      76
      66
      80
      46
      62
      58
      54
      60
      67
      66
     163
      99
      79
      80
      74
      74
      60
      56
     109
      56
      56
      60
     373
     314
      54
      58
      58
      54
      50
      79
      81
      90
      58
     145
      46
      65
      66
      48
      60
      85
      56
      44
      44
      46
      73
      57
      64
      54
      52
     145
      58
      74
      44
      46
      86
      88
      58
      68
      56
      58
      54
      76
      62
      62
      64
      60
      68
      46
      74
      78
      82
      62
      88
      80
      74
      84
      52
      54
      54
      50
      46
      62
      73
      54
     112
     100
     120
      42
      50
      64
      56
      72
     198
      58
      48
      72
      76
     405
      52
      66
      62
      71
      46
      42
     226
      56
      52
      48
     426
      64
      73
      46
      72
      52
      50
     139
      58
     441
      54
      60
      60
      94
      60
      61
      91
     123
      42
      66
      79
      66
      62
      71
      54
      48
      56
      88
      72
      42
     444
      50
      44
      48
      54
      68
      67
      70
      46
      48
      46
      48
     114
      80
      93
      82
     249
      66
      79
      46
      65
      54
      87
      62
      87
      62
      54
      76
      70
      66
      52
      62
      56
      52
     111
      46
      54
      52
      87
     199
      65
      74
      44
      54
      58
      50
      60
      74
      44
      60
      77
      48
     176
     167
      48
      48
      54
     109
      48
      70
      62
      50
      72
      71
      52
      52
      78
     105
      79
      80
      56
      52
      66
      50
      79
      68
      56
     132
     342
      54
      66
      76
      44
      40
      88
      62
     106
      64
     113
      62
     136
     137
      58
      77
      42
      44
      82
      84
      77
      60
      58
      46
      48
      91
      58
      97
      89
      50
      78
      52
      68
     132
      58
      56
      68
      60
      68
      64
      85
      74
      64
      50
      76
      63
      50
      50
      52
      50
      96
      86
     350
     110
      58
      70
      48
     204
      92
     118
      60
      71
      71
     230
     210
      74
      60
      62
      66
     721
      83
     412
      58
      90
      56
      60
      70
      95
      93
      81
      77
      58
      67
      40
      52
      56
      64
      68
      58
      48
      62
      48
      46
      48
      54
     101
     201
      62
      74
      96
      80
      60
      54
      63
      74
      74
      46
      68
      56
      65
     103
      60
      76
      80
      75
      58
      58
      73
      56
      70
      56
      70
      95
      56
      73
      69
      62
      66
      54
      50
      52
      60
      68
      68
      54
      60
      72
     139
     176
      52
      62
      78
      82
      84
      70
     223
      76
      58
      46
     131
      56
      52
     114
      60
      50
     109
      54
      54
      74
      77
     116
      52
      58
      99
     105
      68
      62
      92
     113
      63
      82
     110
     108
      79
     105
      64
      68
      76
      69
      82
      99
     128
      44
      50
      44
      82
      52
      44
      56
     106
      82
      56
      85
      90
      62
      75
      68
      44
      42
      50
      48
      48
      82
     475
      48
      58
      82
      50
      50
     393
      58
      58
      99
      52
      96
      68
      48
      50
      81
      58
      68
      80
      64
     217
      46
      52
      69
      62
      62
      97
      92
     137
      54
      79
      48
      68
      60
      66
      52
      56
      54
      80
      83
      80
      54
      74
      81
      70
     105
     111
     133
      54
      85
      85
     113
      58
      70
      89
      89
     112
     110
      70
      90
      56
      93
      66
      52
      50
     351
      91
     147
      66
      89
      62
      65
      48
      58
      54
      66
      73
      50
      77
      52
      74
      48
      56
      92
      84
      66
      60
      74
      60
      78
      56
      78
      58
      60
      64
      78
      66
      66
      56
      78
      70
      54
      48
      71
     215
      82
      93
      74
     116
      54
     163
      60
      54
      90
      84
      66
      94
      82
      88
      72
      94
      71
      68
      66
      58
      65
      62
      52
      68
      62
     106
      66
      74
      87
      66
      80
      74
      58
     108
      52
      66
      46
      73
     112
     102
      56
     143
      79
      71
      68
      44
     160
      56
      62
      70
      69
      86
      48
      48
     470
      87
      58
      76
      78
      66
      63
     210
      70
      72
      72
      64
      52
      68
      58
     107
      46
      64
     111
      48
      69
     188
      95
      54
      70
      70
      98
      74
      64
      66
      42
      99
      56
      62
      74
      60
      50
      44
      79
      60
     191
      56
      76
      58
      60
      56
      80
      52
      77
      46
      54
      50
      58
      82
      46
      92
      74
      50
     149
      54
      56
      58
      72
      61
      54
      46
      75
      77
      79
     125
      97
      79
     121
      46
      56
      74
      60
      52
      62
      60
      50
      52
     133
      58
      71
      66
     157
      60
      74
      46
      62
      97
      84
      52
      42
      56
      50
      54
      81
      78
      92
      48
     640
      52
      77
      64
      58
      46
      46
      58
     118
      96
      50
      62
      50
      46
      79
      66
      64
      92
      70
     101
      60
      68
      72
      56
      48
      64
      46
      60
      64
      46
      86
     163
      44
      72
      46
      90
      74
      54
      71
     296
      56
     166
      62
      52
      46
      81
      87
      72
      48
      50
      62
      74
      77
      56
      69
      60
      99
      68
      54
      46
      87
     118
     217
      64
      79
      50
      56
      71
      58
      50
      60
      54
     100
      48
      71
      54
      64
      59
      44
      67
      42
      44
      42
      70
      48
      66
      80
      48
      62
      68
      58
      62
      74
     130
      84
      54
      48
      54
      60
      97
      80
      78
      64
      64
     106
     176
     103
     106
      54
      76
     138
      46
      66
      84
     168
      90
     100
      42
     132
      48
      74
      82
      52
      75
      57
      80
      70
      50
     118
      50
      52
      56
      56
      54
      58
      58
      58
      52
     111
     100
      70
      52
     166
      48
      44
      76
      78
      66
      62
      78
     183
      76
      54
      81
      76
      48
      91
      64
      56
      58
      64
      80
      84
      96
      68
      58
     117
      54
      97
     361
      44
      58
      60
      74
      74
      60
      62
      44
      66
      58
      56
      60
      48
      46
      62
      60
      58
      58
      58
      58
      58
      54
      56
      94
      48
      58
      70
      60
      82
      60
      72
      66
      62
      64
      62
      62
      54
      54
      54
      64
      60
      76
      76
      83
      72
      52
      48
      73
      50
      52
      42
      56
      67
      80
      85
      77
      40
     169
     128
      73
      60
      81
      54
      48
      48
      60
      42
      50
      96
      74
      74
      67
      92
      56
      58
      44
      56
      52
      62
      48
      56
      92
      88
      88
      94
      83
      48
      52
      52
      79
      70
      70
      62
      62
     114
      68
      66
      48
      46
      60
      44
      70
     163
     183
      82
      48
      44
     148
      58
      52
      48
      48
      60
      70
      72
     150
      60
      62
      64
      52
      62
      52
      46
      42
      56
     102
      58
      44
      46
      60
      79
      44
      78
      56
      48
      44
      88
      66
      54
      80
      60
      54
      60
      60
      56
      70
     109
      66
     136
      67
      62
      48
      56
      54
      84
      58
      99
      42
      92
      74
      76
      64
      72
      62
      64
      76
      68
      72
      80
      68
      82
      78
      80
      66
      66
      62
      76
      52
      70
      76
      82
      84
      92
      62
      66
      52
      74
      78
      70
      64
      90
      82
      68
      64
      76
      72
      66
      90
      80
      80
      76
      66
      56
      74
      68
      68
      76
      72
      70
      74
      72
      70
      66
      72
      74
      74
      80
      68
      64
      64
      66
      86
      80
      78
      84
      80
      86
      74
      60
      64
      58
      58
      66
      68
      70
      70
      70
      68
      64
      64
      76
      92
      96
      92
      94
      76
      80
      62
      74
      72
      92
      82
      76
      78
      72
      80
      68
      66
      84
      50
      80
      72
      80
      76
      74
      76
      70
      76
      58
      72
      76
      78
      78
      88
      86
      82
      54
      84
      74
      68
      64
      70
      70
      82
      68
      74
      66
      88
      72
      76
      66
      64
      64
      66
      66
      62
      50
      86
      84
      58
      84
      96
      66
      84
      84
      68
     116
      96
      74
      80
      72
      64
     100
      82
      90
      66
      58
      78
      60
      70
      70
      74
      76
      84
      72
      76
      80
      85
      60
      58
      66
      66
      70
      60
      62
      80
      80
      74
      66
      66
      68
      62
      58
      70
      60
      54
      82
      82
      78
      98
      82
      78
      80
      74
      70
      92
      92
      72
      64
      76
      70
      70
      82
      68
      70
      64
      66
      62
      66
      64
      76
      74
      62
      64
      68
      76
      68
      78
      78
      74
      74
      64
      64
      64
      84
      76
      62
      64
      84
      66
      80
      70
      88
      74
      76
      78
      94
      74
      76
      90
      68
      52
      56
      66
      82
      60
      72
      62
      74
     104
      68
      66
      70
      70
      64
      66
      62
      66
      68
      68
      70
      97
      64
      62
      66
      66
      62
      64
      62
      66
      64
      82
      74
      76
     168
      62
      52
      80
      80
      98
      78
      72
      76
      68
      76
      96
      78
      66
      66
      64
      56
      72
      82
      70
      66
      68
      72
      80
      68
      62
      72
      68
      86
      64
      52
      64
      64
      80
      68
      68
      56
      82
      60
      74
      72
      90
      88
      70
      80
      80
      92
      94
      70
      70
      68
      62
      70
      64
      68
     102
      60
      80
      68
      62
      68
      68
      66
      78
      74
      78
      80
      60
      86
      64
      78
      80
      74
      66
      92
      64
      70
      66
      76
      76
      76
      72
      64
      76
      80
      68
      72
      80
      62
      72
      88
      68
      76
      68
      64
      62
     107
      64
      72
      64
      76
      62
      68
      74
      64
      64
      68
      66
     100
      66
      68
      68
      70
      74
      72
      72
      54
      66
      66
      62
      66
      70
      62
      89
      68
      62
      78
      66
      80
      68
      70
      74
      82
      68
      74
      97
      82
      90
      52
      82
      68
      88
      68
      74
      66
      76
      66
      66
      64
      70
      64
      64
      72
      60
      56
      68
      90
      74
      70
      74
      64
      80
      64
      68
      68
      72
      56
      78
      82
      70
      80
      72
      70
      72
      78
      54
      72
      90
      66
      68
      58
      66
      64
      74
      54
      64
      68
      68
      70
      68
      64
      70
      74
      90
      82
      64
      66
      60
     105
      84
      68
      64
      74
     108
      84
      76
      62
      60
      62
      58
      62
      56
      86
      58
      66
      64
      68
      95
     106
      70
      70
      72
      74
      70
      62
      76
      86
      76
      62
      54
      64
      52
      58
      52
      42
      58
      50
      46
      48
      58
      64
      56
      64
      62
      58
      56
      66
      62
      68
      83
      54
      46
      60
      50
      44
      52
      56
      50
      50
      56
      50
      58
      60
      52
      52
      58
      48
      46
      48
      54
      44
      52
      44
      46
      63
      50
      62
      48
      54
      50
      56
      48
      54
      54
      44
      68
      44
      44
      46
      54
      58
      56
      50
      62
      60
      46
      62
      46
      54
      52
      62
      64
      50
      52
      50
      52
      48
      54
      50
      56
      46
      60
      48
      64
      52
      54
      50
      52
      64
      50
      46
      74
      62
      46
      46
      50
      52
      56
      50
      56
      54
      52
      52
      48
      60
      54
      52
      52
      54
      64
      60
      54
      56
      56
      46
      52
      60
      50
      54
      48
      46
      44
      52
      52
      46
      50
      52
      50
      46
      64
      64
      67
      48
      58
      54
      48
      48
      54
      62
      56
      58
      52
      58
      64
      64
      52
      60
      46
      52
      74
      58
      56
      52
      52
      44
      76
      60
      84
      66
      56
      58
      58
      64
      60
      52
      60
      68
      64
      71
      46
      58
      78
      63
      54
      60
      50
      95
      54
      46
      44
      54
      58
      58
      54
      50
      68
      46
      60
      64
      44
      54
      62
      48
      59
      66
      48
      56
      48
      52
      44
      46
      54
      50
      61
      52
      48
      50
      52
      44
      54
      46
      64
      64
      46
      44
      66
      66
      54
      52
      58
      54
      50
      52
      70
      42
      46
      52
      54
      62
      52
      48
      46
      50
      50
      50
      52
      50
      42
      48
      50
      52
      63
      58
      48
      58
      49
      56
      58
      50
      50
      48
      46
      48
      56
      42
      46
      50
      48
      58
      64
      66
      48
      48
      62
      56
      44
      56
      40
     124
      56
      44
      54
      46
      54
      46
      46
      64
      48
      70
      50
      50
      48
      50
      54
      46
      48
      58
      52
      60
      56
      63
      52
      54
      46
      48
      48
      62
      52
      48
      48
      48
      72
      50
      54
      46
      66
      56
      46
      54
      46
      50
      48
      50
      50
      46
      50
      46
      54
      54
      46
     289
      44
      46
      60
      54
      50
      56
      54
      56
      56
      52
      48
      48
      64
      48
      52
      52
      46
      52
      52
      56
      62
      48
      72
      70
      58
      62
      62
      64
      66
      86
      64
      76
      62
      80
      64
      64
      64
      89
      64
      60
      78
      60
      62
      66
      64
      62
      62
      80
      76
      78
      62
      68
      78
      62
      68
      62
      72
      68
      60
      60
      60
      74
      68
      62
      72
      60
      64
      62
      62
      70
      66
      68
      64
      64
      66
      60
      84
      58
      64
      74
      64
      74
      64
      54
      56
      56
      60
      62
      76
      62
      68
      68
      62
      56
      74
      72
      62
      62
      64
      64
      60
      62
      74
      66
      60
      62
      64
      60
      76
      69
      62
      87
      66
      56
      72
      72
      66
      84
      60
      66
      86
      60
      62
      78
      84
      66
      72
      64
      64
      78
      54
      60
      66
      58
      64
      80
      58
      72
      76
      60
      68
      64
      72
      62
      64
      64
      60
      70
      74
      76
      64
      58
      68
     100
      74
     269
      82
      60
      66
      62
      73
      58
      62
      58
      76
      58
      64
      68
      78
      66
      66
      66
      66
      62
      64
      62
      68
      70
      72
      64
      68
      64
      74
      66
      84
      62
      60
      86
      80
      76
      72
      86
      66
      64
      70
      62
      70
      62
      66
      74
      80
      72
      68
      64
      70
      68
      68
      64
      76
      62
      88
      78
      58
      58
      66
      70
      58
      66
      62
     166
      46
      44
      52
      48
      46
      48
      46
      58
      46
      46
      52
      62
      48
      46
      54
      68
      70
      70
      88
      63
      44
      42
      52
      48
      46
      56
      60
      62
      52
      56
      68
      88
      64
      56
      84
      60
      58
      62
      56
      64
      42
      50
      66
      48
      56
      56
      82
      78
      80
      76
      80
      76
      94
      84
      42
      72
      52
      58
      44
      54
      48
      60
      54
      56
      46
      50
      50
      54
      54
      64
      61
      62
      54
      68
      56
      64
      52
      50
      66
      52
      44
      56
      54
      56
      48
      52
      74
      46
      56
      52
      52
      54
      48
      50
      52
      58
      66
      50
      68
      56
      70
      50
      46
      52
      50
      54
      68
      52
      48
      50
      48
      40
      46
      56
      58
      44
      62
      50
      50
      62
      60
      83
      63
      56
      60
      54
      56
      54
      74
      94
      78
      74
      58
      58
      66
      62
      66
      82
      66
      66
      68
      70
      70
      66
      74
      62
      60
      60
      68
      66
      80
      68
      60
      76
      64
      60
      68
      78
      82
      72
      66
      72
      70
      68
      66
      68
      66
      68
      62
      62
      68
      64
      72
      70
      58
      68
      60
      66
      70
      60
      72
      88
      74
      78
      62
      66
      84
      70
      74
      64
      60
      80
      66
      62
      68
      76
      80
      80
      74
      60
      78
      66
      74
      64
      94
      60
      70
      66
      48
      50
      50
      70
      56
      94
      80
      68
      52
      68
      56
      68
      62
      60
      50
      69
      66
      70
      48
     164
      50
      42
      44
      87
      84
      98
     100
      98
     100
      50
      65
      44
      52
      89
      46
      42
      61
     114
      56
      75
      75
      64
      60
      93
     105
      91
      99
     104
     127
      62
      56
      42
      89
     628
      78
      72
      71
      46
      46
      88
     100
      48
      68
      78
      63
      44
      50
      72
     105
      72
      86
      58
      48
     141
      72
      71
      58
      61
      48
      98
      48
      48
      64
      52
      48
      46
      56
      77
      74
      88
      60
      46
      56
      50
      64
      73
     106
      64
      71
      80
      56
      54
      76
      83
      67
      52
      46
      44
      60
      44
      48
     108
      97
      48
      42
      60
      52
      50
      56
      77
      50
      48
     102
      75
      58
      78
      60
     107
      68
      58
      65
      74
      56
      58
      64
      52
      56
      56
      48
      76
     301
      52
      72
      82
      52
      62
      46
      64
      52
      64
     104
      56
      93
      48
      95
     102
      54
      54
      76
      80
      82
      58
     154
      50
      54
     108
      99
      52
      44
      54
      69
      50
      42
     106
      73
      67
      66
      56
      42
      52
      44
      70
      84
      64
     175
      52
      85
      54
     147
      68
      64
     103
      64
      60
     121
     187
      81
      52
      73
      58
     112
      87
      74
      46
      46
      44
      44
      54
      46
      66
      70
      52
      64
      82
      54
      88
      64
      58
      52
      66
     111
      84
      50
      40
      60
      70
      44
     115
     117
      64
      44
      68
      44
      52
      44
      60
      70
      52
      58
      52
      54
      60
      58
      56
      51
      67
      56
      75
      44
      50
      50
      68
      90
      40
      70
      60
      71
      68
      70
      50
      50
      64
      76
      66
      52
      64
      83
      54
      88
      56
      66
      70
      72
      58
      89
      52
     114
      40
      68
      50
      79
      62
     101
      72
      76
      58
      56
      58
      78
     124
      44
      50
      74
      66
      64
      46
      50
      56
      62
      48
      42
      46
      58
      70
      70
      58
      58
      54
      73
      50
      62
      70
      54
      78
      78
      67
      60
     149
      76
      82
      74
      64
     127
      68
      52
      62
      64
      96
      70
      80
      76
     426
      64
      87
      52
      58
      72
      50
     106
      56
      89
      72
      54
      77
      48
      68
      71
      97
      85
      54
     156
      58
      75
      73
      92
     116
     733
      61
      48
      60
      44
      54
      48
      56
      54
     119
     107
      66
      66
      58
      46
     116
      75
      69
      71
      61
      50
      66
      44
      60
      84
      73
      52
      56
      46
     105
      64
      54
      58
     104
      48
     159
      48
      44
     106
      58
      40
      46
      46
      78
      74
      65
      40
      60
      90
     199
      58
      50
      54
     113
      46
      87
      68
      62
      68
      48
      54
      60
      80
      58
      74
      48
      75
      56
      56
      52
     108
      88
      88
      87
      50
      44
     154
      62
      50
      46
      50
      56
      48
      90
      71
      48
      90
     131
     312
      60
      60
      64
      50
      58
      66
      46
      42
      58
      44
     152
      69
      64
      54
      54
      64
      56
      48
      52
     150
      60
      60
      88
      60
     122
     117
      84
      88
      48
      50
      60
     512
     199
      48
      48
      89
     111
     127
      52
      62
      54
      74
      54
      98
      50
      58
      71
      65
      72
      79
      58
      57
      46
      70
      48
      52
      54
      48
     104
      70
      54
      70
     153
      64
     179
      44
      66
      64
      70
      84
     104
      90
      76
      44
      60
      71
      78
      68
      66
      42
      44
      42
      52
      76
      66
     121
     128
      89
      77
      50
      80
     111
     131
      66
      72
     120
     121
     120
     107
     151
      92
      62
      54
      58
     101
      66
      58
      44
      84
      86
      60
      93
      92
      58
      52
     109
      88
      88
     103
      66
      54
     118
     118
     121
      48
      66
      50
      90
      80
      55
      56
      54
      66
      52
      54
     167
      62
      64
      70
      52
      58
      46
      54
      48
      48
      52
     113
      90
      54
      56
      50
      74
      44
      66
      72
      42
      62
      52
      52
      84
      66
      52
      50
      58
      54
      91
     113
      64
      58
      48
      58
      70
      54
      54
      52
     133
      62
      68
      64
      83
     111
      81
      58
      66
      91
      52
      44
      68
      44
     104
      40
      46
      48
      62
      44
      46
      62
      50
      97
      62
      89
      57
      46
      74
      60
      52
     113
      64
      54
      58
      54
      54
      54
     106
      74
      48
      52
      48
      60
      44
      54
      55
      54
      58
      52
      85
      90
      54
      88
      48
      48
      52
      48
      66
      58
      56
      50
      62
      69
      62
      54
      69
      46
     109
      77
     131
      56
      50
      44
      57
      91
      44
      40
      52
      58
      70
     111
      77
     106
      60
      46
      48
      52
      56
     111
      50
      60
      79
      48
     100
      69
      84
      62
     148
      66
      50
      83
      50
      72
      50
      64
      48
      62
      58
      56
      54
      78
      73
      68
      54
     178
      56
      89
      97
      44
     128
      50
      72
      60
      60
      70
     123
      44
      68
      46
      56
      54
      50
      65
      85
      62
      48
      50
      84
      89
     109
      56
      44
      54
      48
     142
      82
      50
      81
      48
      54
      78
      58
     129
      50
      59
     110
      52
      68
      60
      64
      50
      71
      50
      66
      68
      60
      54
      62
      74
      72
     125
      74
     414
     106
      56
      44
      52
      48
      80
      40
      56
      60
      58
      44
     115
      42
      42
      60
      60
      50
      54
      46
      57
      58
      81
      40
      64
     260
      82
      86
      86
      74
      62
      84
      70
      82
      78
      74
      70
     108
      64
      62
      66
      70
     106
     118
      66
      90
      66
     440
      54
      50
      48
      73
      50
      44
      50
      42
      58
     123
      60
      54
      42
      50
      72
      73
      88
     141
      80
      48
      88
      84
      82
      42
      79
      46
      52
      64
      46
      71
      78
      48
      52
      52
      50
      83
      50
      52
      52
      64
      68
     214
      54
      77
     104
      68
     190
      86
     156
     135
     228
      89
      56
      52
      56
     110
      58
      64
      62
      44
      46
      72
      68
      52
      80
     302
     121
      56
     140
      44
      62
      46
      62
      58
     109
      46
      80
      64
      54
      58
      52
      54
      62
      58
      96
      44
      56
     494
     100
      58
      64
      65
      80
      46
      44
      46
      44
      69
      50
      46
     102
      52
      60
      54
     105
      56
      52
      54
      38
      86
      63
      70
      77
     111
      48
      56
      66
      82
      44
      64
